%YAML:1.0
---
# Mon_May__6_12_52_54_2024
# left_rms_error: 0
# right_rms_error: 0
# stereo_rms_error: 0
# Original image size used during calibration:
width: 1080
height: 1920
# Refraction related:
doPhysicalUndist: 0
refractiveIndex: 1.3250000000000000e+00
# Camera calibrations:
# Left (Bottom) intrinsic
calLK: !!opencv-matrix
   rows: 3
   cols: 3
   dt: d
   data: [ 1.4573042096686729e+03, 0., 5.6118918886024528e+02, 0.,
       1.4571772302602453e+03, 9.4238009607042807e+02, 0., 0., 1. ]
calLR: !!opencv-matrix
   rows: 3
   cols: 3
   dt: d
   data: [ 9.9997466144096403e-01, -7.0937182617314687e-03,
       -5.9635329503824122e-04, 7.0935732675138372e-03,
       9.9997481030404223e-01, -2.4489935353420823e-04,
       5.9807552009651013e-04, 2.4066287234577791e-04,
       9.9999979219350554e-01 ]
calLP: !!opencv-matrix
   rows: 3
   cols: 4
   dt: d
   data: [ 1.4127663188975475e+03, 0., 5.6836199951171875e+02, 0., 0.,
       1.4127663188975475e+03, 9.3422279357910156e+02, 0., 0., 0., 1.,
       0. ]
# Distortions parameter
calLdist: !!opencv-matrix
   rows: 5
   cols: 1
   dt: d
   data: [ -3.1256797114883389e-01, 1.7817603486185030e-01,
       -3.4249792102626191e-04, -5.5946418105614888e-04,
       -7.7932689272905184e-02 ]
roiL: !!opencv-matrix
   rows: 4
   cols: 1
   dt: d
   data: [ 0., 0., 1080., 1920. ]
# Right (Top) intrinsic
calRK: !!opencv-matrix
   rows: 3
   cols: 3
   dt: d
   data: [ 1.4559082053767202e+03, 0., 5.6422591354649398e+02, 0.,
       1.4557162795186625e+03, 9.4971024389872707e+02, 0., 0., 1. ]
calRR: !!opencv-matrix
   rows: 3
   cols: 3
   dt: d
   data: [ 9.9995805609731847e-01, -8.4164163641559341e-03,
       3.6124758348330668e-03, 8.4155390604483005e-03,
       9.9996455544461960e-01, 2.5798598127507890e-04,
       -3.6145191096678018e-03, -2.2757422884324974e-04,
       9.9999344170928262e-01 ]
calRP: !!opencv-matrix
   rows: 3
   cols: 4
   dt: d
   data: [ 1.4127663188975475e+03, 0., 5.6836199951171875e+02,
       -8.5098161787142701e+01, 0., 1.4127663188975475e+03,
       9.3422279357910156e+02, 0., 0., 0., 1., 0. ]
# Distortion parameter
calRdist: !!opencv-matrix
   rows: 5
   cols: 1
   dt: d
   data: [ -3.0683891770449273e-01, 1.5888523843296737e-01,
       -3.2325175788525481e-04, -8.2882788956294796e-05,
       -5.8964154410778548e-02 ]
roiR: !!opencv-matrix
   rows: 4
   cols: 1
   dt: d
   data: [ 0., 0., 1080., 1920. ]
TLR: !!opencv-matrix
   rows: 4
   cols: 4
   dt: d
   data: [ 9.9999025308859502e-01, -1.3230173719132048e-03,
       4.2122859401305234e-03, 6.0233602956185364e-02,
       1.3210364715320929e-03, 9.9999901555929227e-01,
       4.7301489089870275e-04, -4.2729103619833556e-04,
       -4.2129076003026020e-03, -4.6744569710903373e-04,
       9.9999101641168309e-01, -3.5921417793579996e-05, 0., 0., 0., 1. ]
# Rotation from left to right
R: !!opencv-matrix
   rows: 3
   cols: 3
   dt: d
   data: [ 9.9999025308859502e-01, 1.3210364715320931e-03,
       -4.2129076003026055e-03, -1.3230173719132052e-03,
       9.9999901555929249e-01, -4.6744569710903378e-04,
       4.2122859401305226e-03, 4.7301489089870296e-04,
       9.9999101641168364e-01 ]
# Translation from left to right
T: !!opencv-matrix
   rows: 3
   cols: 1
   dt: d
   data: [ -6.0232602731165007e-02, 5.0696392732741975e-04,
       -2.1759794874252371e-04 ]
Q: !!opencv-matrix
   rows: 4
   cols: 4
   dt: d
   data: [ 1., 0., 0., -5.6836199951171875e+02, 0., 1., 0.,
       -9.3422279357910156e+02, 0., 0., 0., 1.4127663188975475e+03, 0.,
       0., 1.6601607945789954e+01, 0. ]
F: !!opencv-matrix
   rows: 3
   cols: 3
   dt: d
   data: [ 1., 0., 0., 0., 1., 0., 0., 0., 1. ]
E: !!opencv-matrix
   rows: 3
   cols: 3
   dt: d
   data: [ 1., 0., 0., 0., 1., 0., 0., 0., 1. ]
epidist: 6.0235129227563335e-02
